99
6 2 0 2 0 2 0
3 1 0 2 0 0 0
477 71 0 3 0 403 0
523 248 0 159 0 116 0
935 342 0 401 0 192 0
599 268 0 299 0 32 0
570 210 0 136 0 224 0
642 101 0 224 0 317 0
111 32 0 37 0 42 0
618 307 0 29 0 282 0
851 375 0 367 0 109 0
1000 333 0 334 0 333 0
749 228 0 296 0 225 0
27 13 0 12 0 2 0
781 292 0 77 0 412 0
37 5 0 14 0 18 0
51 18 0 2 0 31 0
515 226 0 175 0 114 0
999 333 0 333 0 333 0
556 256 0 61 0 239 0
436 200 0 84 0 152 0
877 498 0 240 0 139 0
505 190 0 146 0 169 0
4 1 0 2 0 1 0
114 43 0 22 0 49 0
1000 500 0 250 0 250 0
607 233 0 282 0 92 0
903 261 0 320 0 322 0
475 97 0 202 0 176 0
261 92 0 111 0 58 0
331 88 0 98 0 145 0
323 117 0 107 0 99 0
40 3 0 25 0 12 0
224 87 0 105 0 32 0
920 439 0 258 0 223 0
655 301 0 117 0 237 0
3 0 0 0 0 3 0
521 207 0 238 0 76 0
972 563 0 26 0 383 0
5 3 0 0 0 2 0
753 4 0 516 0 233 0
537 232 0 126 0 179 0
142 53 0 47 0 42 0
825 339 0 372 0 114 0
342 29 0 149 0 164 0
999 499 0 499 0 1 0
933 205 0 439 0 289 0
6 2 0 3 0 1 0
863 211 0 390 0 262 0
454 74 0 203 0 177 0
243 77 0 118 0 48 0
263 118 0 129 0 16 0
794 376 0 173 0 245 0
4 2 0 1 0 1 0
684 284 0 211 0 189 0
4 3 0 1 0 0 0
5 2 0 1 0 2 0
999 0 0 499 0 500 0
610 290 0 233 0 87 0
803 30 0 391 0 382 0
6 3 0 3 0 0 0
3 0 0 1 0 2 0
1000 1 0 500 0 499 0
999 250 0 249 0 500 0
636 230 0 156 0 250 0
828 369 0 404 0 55 0
71 10 0 33 0 28 0
5 1 0 1 0 3 0
19 8 0 8 0 3 0
31 15 0 11 0 5 0
510 132 0 230 0 148 0
1000 0 0 500 0 500 0
43 18 0 17 0 8 0
329 134 0 118 0 77 0
974 308 0 367 0 299 0
721 336 0 330 0 55 0
4 0 0 2 0 2 0
192 72 0 53 0 67 0
668 322 0 61 0 285 0
4 1 0 1 0 2 0
757 176 0 85 0 496 0
157 70 0 12 0 75 0
255 83 0 123 0 49 0
688 306 0 242 0 140 0
999 499 0 250 0 250 0
993 374 0 424 0 195 0
236 33 0 94 0 109 0
572 77 0 422 0 73 0
82 32 0 32 0 18 0
351 30 0 271 0 50 0
668 327 0 11 0 330 0
75 23 0 24 0 28 0
892 80 0 369 0 443 0
3 1 0 1 0 1 0
265 117 0 70 0 78 0
7 2 0 2 0 3 0
675 149 0 299 0 227 0
4 2 0 0 0 2 0
1000 0 0 499 0 501 0
